130
100000
641
10000
130
100000
641
11000
130
0
641
9000
130
3141
641
1000
130
1200
641
0
130
1000
641
3000
130
1000
641
4000
130
20000
641
5000
130
20000
641
6000
130
100000
641
7000
130
250000
641
8000
130
4294867296
641
26000
140
64000
642
26000
130
10000
3
641
26000
642
26000
130
100000
137
48000
0
642
9000
642
8000
5
1281
1282
1282
4
642
10000
642
26000
5
1281
1282
1282
4
3
642
11000
642
27000
5
1281
1282
1282
4
3
14
641
2000
140
100000
15
13
130
0
641
23000
642
5000
130
2000
140
314000
642
23000
642
5000
140
335000
5
642
5000
130
2000
7
7
642
1000
130
4000
7
4
18
641
13000
642
6000
130
2000
140
314000
642
23000
642
5000
140
314000
5
642
6000
130
2000
7
7
642
1000
130
4000
7
4
18
641
14000
140
193000
642
23000
130
3000
4
130
50000
3
4353
4993
2000
4993
1000
4865
642
23000
130
1000
3
641
23000
642
23000
642
5000
642
6000
4
137
104000
13
130
0
641
18000
130
0
641
19000
130
0
641
20000
642
0
642
20000
3
641
20000
642
0
642
13000
4
642
18000
3
641
18000
642
0
642
14000
4
642
19000
3
641
19000
642
8000
642
20000
5
1281
1282
1282
4
642
18000
642
26000
5
1281
1282
1282
4
642
19000
642
27000
5
1281
1282
1282
4
3
3
14
4353
4354
642
7000
137
281000
642
20000
642
8000
137
205000
130
0
130
0
130
0
13
130
10000000
140
355000
3329
2305
1281
1282
1282
4
3
1281
2306
2306
4
2305
3330
3330
4
3329
1282
14
140
344000
2306
14
140
344000
3330
14
140
344000
13
3329
1281
130
0
2305
2306
3330
3
2305
2306
1282
138
329000
136
319000
2306
3330
5
3330
7
13
140
314000
3330
4
4353
1282
4354
5
13
4353
4354
130
255000
138
352000
4354
13
130
255000
13
642
18000
642
10000
5
1281
1282
1282
4
642
19000
642
11000
5
1281
1282
1282
4
642
20000
642
9000
5
1281
1282
1282
4
3
3
14
1281
1282
642
7000
642
2000
140
418000
641
21000
642
1000
642
21000
5
641
21000
642
21000
19
140
441000
130
255000
4
642
3000
4
1281
1282
1282
1282
13
3329
2305
1281
1282
1282
4
2306
2306
4
3
3330
3330
4
5
130
2000
1282
4
2306
4
7
20
13
1281
1282
130
0
137
449000
1282
13
130
0
13
